2.5481882095336914
2.643376588821411
4.086350202560425
4.182323932647705
5.554672718048096
6.908676862716675
8.588161706924438
8.713956356048584
9.096019983291626
9.210770845413208
10.065800666809082
10.149885416030884
10.802908658981323
10.855566501617432
11.50564980506897
11.58881163597107
12.347342491149902
12.463042974472046
13.116229772567749
15.178009986877441
15.73397946357727
15.869969129562378
16.554060220718384
16.6807119846344
18.206387996673584
18.31115436553955
18.61574649810791
18.74177050590515
19.685888290405273
19.770171880722046
20.21153163909912
20.29518437385559
20.977740049362183
21.07361078262329
21.776429891586304
23.440760135650635
26.933253526687622
27.1840238571167
27.76353621482849
28.216917276382446
28.75510811805725
29.175284385681152
29.742191553115845
30.192920684814453
30.7056667804718
31.13623547554016
31.754368782043457
32.19041562080383
32.68100547790527
33.06778335571289
33.59680199623108
33.99917221069336
34.513400077819824
34.930670738220215
35.52769613265991
36.03210759162903
36.567761182785034
36.99647355079651
37.638036012649536
38.056939125061035
38.55271315574646
39.06523036956787
39.61950898170471
39.913798570632935
42.724406480789185
43.63804268836975
44.94221520423889
47.39986777305603
48.54998779296875
48.697166442871094
49.44326591491699
49.591169595718384
51.32024049758911
51.82572817802429
52.372750759124756
52.89607834815979
53.47141647338867
53.62065005302429
54.29388880729675
54.441362619400024
55.10003995895386
55.21463465690613
55.777751445770264
55.88486671447754
56.51839089393616
56.60342359542847
57.358482122421265
58.82463002204895
59.95852613449097
60.076992988586426
61.50457215309143
61.618804931640625
62.361116886138916
62.48745131492615
62.92780828475952
64.22153854370117
64.47337532043457
64.59892320632935
65.18045115470886
66.40260434150696
67.34631824493408
67.47141528129578
68.15773415565491
68.32650589942932
69.14863443374634
69.26465678215027
69.6224012374878
70.20827865600586
70.46339869499207
70.66229724884033
70.9971661567688
71.12404584884644
71.94553112983704
72.45665764808655
72.99653339385986
74.49699687957764
74.68119859695435
74.81726288795471
74.94424033164978
75.0910587310791
75.22693109512329
75.32134246826172
75.58397197723389
75.70949101448059
75.8902199268341
76.05786442756653
76.30801701545715
76.44630360603333
76.60530710220337
76.82515740394592
77.00434398651123
77.21612739562988
77.34231114387512
78.78532218933105
79.42527198791504
80.08947348594666
80.44801664352417
81.24191737174988
81.74517393112183
82.05875086784363
82.45736932754517
82.96464443206787
84.52799677848816
85.07675004005432
