1.641873836517334
1.7765655517578125
2.505762815475464
2.6446690559387207
3.531129837036133
3.6554508209228516
3.944899082183838
4.083805322647095
4.3621015548706055
4.485403776168823
4.9022438526153564
4.994422197341919
8.156733512878418
8.604953050613403
9.357069253921509
9.608194589614868
9.908855199813843
10.066940546035767
10.854642152786255
11.07048511505127
11.47499966621399
11.632906436920166
12.28535270690918
12.444377422332764
16.21204686164856
16.34382963180542
17.00661611557007
17.13288402557373
17.231471061706543
17.356745958328247
17.472583055496216
17.57154607772827
17.68471121788025
17.79382824897766
17.912305116653442
18.030575037002563
18.133650541305542
18.24769639968872
18.35690689086914
18.461129903793335
19.68657398223877
19.99864101409912
20.778488636016846
21.06081533432007
21.350565671920776
21.644285202026367
21.811415910720825
21.99413251876831
22.906388521194458
23.096346616744995
24.55632257461548
24.714142322540283
25.12045979499817
25.267205953598022
25.70555329322815
25.8610782623291
26.683440446853638
26.8273983001709
27.16606569290161
27.312063217163086
27.84440779685974
27.964688539505005
28.384674072265625
28.538675785064697
28.808888912200928
28.96499276161194
29.056900024414062
29.11597728729248
30.780122995376587
30.89407515525818
31.811173915863037
31.935407876968384
32.081884145736694
32.17435121536255
32.31038761138916
32.4297730922699
32.54409837722778
32.657315731048584
32.79473090171814
32.9132821559906
33.02626609802246
33.139914989471436
33.96310305595398
34.13185715675354
34.43618631362915
34.60498118400574
35.82958436012268
36.020527839660645
36.145204305648804
36.33806300163269
37.64196014404297
37.87951707839966
38.07034206390381
38.30414605140686
39.24045276641846
39.57506561279297
39.755372285842896
40.0033438205719
40.27616238594055
40.511351585388184
41.242053747177124
41.511213064193726
41.82418203353882
42.07323718070984
43.28961372375488
43.4936625957489
43.661901235580444
43.84031653404236
44.9996817111969
45.15591812133789
45.417224168777466
45.58423089981079
48.90236735343933
49.04079627990723
49.451794385910034
49.56569314002991
50.09502840042114
50.22016263008118
50.802497148513794
50.91563820838928
51.51265478134155
51.659852743148804
51.917354345321655
52.00883603096008
52.085593938827515
52.17840218544006
52.26442289352417
52.35664463043213
52.443602323532104
52.513051986694336
52.594677448272705
52.67176365852356
52.7623291015625
52.82782530784607
52.94482731819153
53.043620347976685
53.141305923461914
53.23368573188782
53.30967569351196
53.438830852508545
53.50313448905945
53.5914568901062
53.69421887397766
53.76050853729248
53.86346483230591
53.94477438926697
54.031073808670044
54.10064077377319
54.21287560462952
54.27764630317688
54.35873603820801
54.44980597496033
54.52629613876343
54.66189622879028
54.7640335559845
54.889909505844116
55.17015600204468
55.573678731918335
55.64969301223755
55.80086350440979
55.942832231521606
56.045724630355835
56.228551626205444
56.33608317375183
56.58456873893738
56.66493201255798
56.96976184844971
57.19437384605408
57.4164183139801
57.54548716545105
57.82415843009949
57.959261417388916
58.137951612472534
58.27443170547485
58.49049091339111
58.57845878601074
58.66753625869751
58.759397745132446
58.833722829818726
58.940210819244385
59.02595090866089
59.1085250377655
59.21661162376404
59.29755425453186
59.42229604721069
59.523070096969604
59.59940195083618
59.69051814079285
59.80506110191345
59.90379881858826
60.00801634788513
60.062148571014404
60.150339126586914
60.25215411186218
60.355122327804565
60.46918559074402
60.59445762634277
60.66955614089966
61.15483641624451
61.23031401634216
61.9059112071991
62.009591579437256
