4.949827500036918
5.0620683000888675
6.625590900075622
6.761057600029744
7.334938500076532
7.469721800065599
8.245786300045438
8.380952100036666
10.394929000060074
10.642540300032124
11.25027910002973
11.463504200102761
12.194602000061423
12.465144300018437
14.1644964000443
17.842282199999318
18.134905300103128
18.247774900053628
18.393681000103243
18.53955650003627
18.67446440004278
18.821266500046477
18.967137100058608
19.091257599997334
19.49639370001387
19.676566500100307
19.912782600033097
20.07027140003629
20.30669780005701
20.47504370007664
20.778511800104752
20.913613800075836
21.05975200003013
21.206047300016508
21.780293900053948
21.982262800098397
22.128979000030085
22.49956020002719
22.860256000072695
23.254330500029027
23.489452500012703
23.70429750008043
24.63795960007701
24.86191510001663
25.346256699995138
25.48166360007599
25.90799090010114
26.055033400072716
26.337227900046855
26.438357100007124
26.76343990000896
26.86508210003376
27.238105099997483
27.326512500061654
27.438389100017957
27.528230800060555
27.618524500052445
27.788598000071943
27.956656099995598
28.113870600005612
28.586426199995913
30.251423200010322
30.420993000036106
30.57748520001769
30.880733900004998
31.00557820009999
31.354371900088154
31.500214400002733
32.096385800046846
32.25391280010808
32.68151390005369
32.81716920004692
33.07521680009086
33.69361489999574
33.99726570001803
34.24472890002653
34.59421570005361
34.897686000098474
35.30272360006347
35.50497120001819
36.68622030003462
37.00145350000821
37.41766640008427
37.710666300030425
38.22760060010478
38.542525400058366
39.015176100074314
39.19488240010105
39.81396699999459
40.03845980006736
40.31961060001049
40.54498030000832
40.826502600102685
41.017947300104424
41.321535199997015
41.49003220000304
42.19856930000242
42.33411180006806
42.62643420009408
42.772708800039254
42.99780000001192
43.110395800089464
43.16677510004956
43.31262250000145
43.52657850005198
43.661108900094405
43.97648680000566
44.11049910006113
44.437332000001334
45.888974000001326
47.47444710007403
48.015151700004935
48.46518240007572
48.62273600010667
49.230225300067104
49.36546670005191
49.53423740004655
49.71403860009741
49.77073079999536
50.05127610010095
50.26557780010626
50.410740000079386
51.21049570001196
51.35679440002423
52.121671200031415
52.26703380001709
53.04337770002894
53.122028100071475
53.223540500039235
53.313399200094864
53.39168400003109
53.53967450000346
54.48439540003892
54.59589050000068
54.86673140001949
54.97839440009557
55.26044440001715
55.38434099999722
56.13769920007326
56.261922800098546
56.56479660002515
56.70042370003648
56.958462700014934
57.08292870002333
57.53228150005452
57.63442430004943
57.723713500075974
57.80221670004539
57.892013500095345
57.960422300035134
58.06145570008084
58.12903100007679
58.23054710007273
58.3093283000635
58.387959900079295
58.46702570002526
58.56742470001336
58.63559930003248
58.737511300016195
58.792493600049056
58.88330119999591
58.97259630006738
60.32326700002886
60.51408730004914
62.23577530006878
62.404407200054266
62.629331700038165
62.79768730001524
63.089600400067866
63.22575440001674
63.42731120006647
63.56231820001267
63.86610350001138
63.96745590004139
64.03471480007283
64.20380770007614
64.53049420006573
64.71045220002998
64.95735250005964
66.54385130002629
66.79104220005684
66.90518880006857
67.02745360007975
67.1518245000625
67.24100600008387
67.38810209999792
67.64603000006173
68.85004090005532
69.04178260010667
69.28884300007485
69.5253173999954
69.7393146000104
69.99735439999495
70.17724740004633
70.35705900005996
70.55000540008768
70.63923240010627
70.9872818000149
71.20125380007084
71.39249400002882
71.60666740010493
72.2248785000993
72.281081299996
72.51740070001688
72.67512760008685
72.86710430006497
73.07977710000705
73.2495545001002
73.53007710003294
73.69908650009893
74.870943200076
74.95940060005523
75.03836840006988
75.12804490001872
75.20623390004039
75.28528870001901
75.36404890008271
75.47703230008483
77.91856440005358
78.16544720006641
78.3457937000785
78.44629160000477
78.59303320001345
78.97536690009292
79.1777820000425
79.41392950003501
79.57178210001439
79.71775140007958
80.06663540005684
80.21312010008842
80.36995970003773
80.50543460005429
80.65171980008017
80.77496510010678
81.72093410009984
81.85506590001751
82.10391570010688
82.2598510000389
82.67724240000825
82.81194760010112
82.9130284000421
83.07014270010404
83.30718650005292
83.49852620007005
83.74565140006598
83.83491820003837
84.16212630004156
84.28546490008011
84.51070970005821
84.63438590010628
85.0608866000548
85.16287390002981
87.41271450009663
87.52535220002756
88.11045450007077
88.21189110004343
88.41375599999446
88.54855450009927
88.6612124000676
88.79711550008506
88.88726980006322
88.98743350000586
89.13404540007468
89.25738100009039
89.34820880007464
89.46035310009029
89.57291180000175
89.68530120002106
89.77493720001075
89.86497860006057
89.97819620009977
90.05666570004541
90.15777330007404
90.25865510001313
90.36063250002917
90.47290240006987
92.02571549999993
92.17152279999573
92.42016630002763
92.55481260002125
92.7791991000995
92.92562710004859
93.10590890003368
93.25209990004078
93.77029300003778
93.90508600010071
94.0955906000454
94.25348480010871
94.44447089999449
94.60297220002394
94.88325780001469
94.97291210002732
95.07482310000341
95.16420970007312
95.24287900002673
95.32135640003253
95.40102860005572
95.47927380003966
95.56968440010678
95.62534590007272
95.72656580002513
95.78250840003602
95.8616358001018
95.95122270006686
96.02048609999474
96.08727730007377
96.16558060003445
96.24405199999455
96.33437350008171
96.40168050001375
96.50301560002845
96.57118540001102
96.66059490002226
96.73904880008195
96.81814460002352
96.89706440002192
96.97558230010327
97.05396869999822
97.13275590003468
97.2459172999952
97.32435280003119
97.3913823000621
97.48182900005486
97.56017730000895
97.6610503999982
97.74063740007114
97.84145730000455
97.9092298001051
98.01090660004411
98.10096840001643
98.19059340003878
98.27023040002678
99.0788541000802
99.17014300008304
99.23694770003203
99.3151341000339
99.40579940006137
99.49611810001079
99.5745652000187
99.66451800009236
99.73189860000275
99.82160860009026
99.88895130006131
99.97924580005929
100.08052310009953
100.14814220007975
100.23846870008856
100.31692750006914
100.39551220007706
100.47438420006074
100.56353300006595
100.6433031000197
100.73321210010909
100.82245190010872
100.91288730001543
100.98054710007273
101.08179000008386
101.14887240005191
101.22791880008299
101.31818200007547
101.39679510006681
101.50063810008578
101.5656557000475
101.64448300004005
101.73433320003096
101.81308200000785
101.89180520002265
101.97108570009004
102.06097450002562
102.1286100000143
102.22923380008433
102.3084093000507
103.10697290010285
103.21924900007434
103.35434660001192
103.51134389999788
104.22031190001871
104.38899870007299
104.80568570003379
104.92876949999481
105.32251389999874
105.46962220000569
