3.2387609481811523
3.464456081390381
4.139248371124268
4.409748077392578
4.9714744091033936
5.175757169723511
5.6808600425720215
5.883148193359375
6.254261255264282
6.42382550239563
6.8505613803863525
7.064796686172485
7.47002649307251
7.819131374359131
8.020684003829956
8.16774606704712
8.908790826797485
9.337324142456055
10.29384469985962
10.519374132156372
10.75473666191101
11.22783875465393
11.452486515045166
11.633013248443604
12.183379888534546
12.319807052612305
12.520469427108765
12.735113859176636
12.892420291900635
13.376343965530396
13.50078797340393
13.714307069778442
13.848510026931763
14.08463740348816
14.242847919464111
14.456097841262817
14.647727012634277
14.760970830917358
15.007595777511597
15.221544742584229
15.469743013381958
15.626088857650757
15.884865999221802
16.042208433151245
16.32402777671814
16.424898147583008
20.126277685165405
20.339105367660522
20.654065370559692
20.789731979370117
20.90245246887207
21.058722972869873
21.363279342651367
21.50882577896118
21.870135068893433
22.00503134727478
22.095218420028687
22.275160312652588
22.702104568481445
22.894283771514893
22.983113765716553
23.14105534553528
23.44359850883484
23.602746725082397
23.838868856430054
23.973666667938232
24.051382541656494
24.15319037437439
24.22069025039673
24.345059156417847
24.9750657081604
25.14392924308777
25.514171361923218
25.672655820846558
25.818313360214233
25.964466333389282
26.234475135803223
26.358319520950317
26.638964891433716
26.77503538131714
26.977210521697998
27.089388847351074
27.145819902420044
27.28097701072693
27.540000438690186
27.685760498046875
27.8767352104187
28.023417949676514
28.147055625915527
28.24872899055481
28.304786920547485
28.428163051605225
28.70958709716797
28.844608306884766
29.902511596679688
30.036477088928223
30.374445915222168
30.499515771865845
31.09438443183899
31.207403898239136
31.442689418792725
31.55625557899475
31.634544134140015
31.72465467453003
32.354875564575195
32.45601963996887
32.97318363189697
33.0631959438324
33.68206262588501
33.79546546936035
34.63915205001831
34.761956214904785
34.840925455093384
34.99865102767944
35.437193870544434
35.560681104660034
35.77443289756775
35.89956450462341
35.96551203727722
36.123016119003296
36.246437072753906
36.38214993476868
36.71980142593384
36.83214235305786
36.87662887573242
37.012102127075195
37.394548654556274
37.551674365997314
38.03536581993103
38.181676387786865
38.33891320228577
38.451802015304565
38.49713087081909
38.64278984069824
39.29665207862854
39.431164026260376
39.59965777397156
39.71205735206604
39.91460108757019
40.0395872592926
40.19789457321167
40.32010865211487
40.614879846572876
41.14110612869263
41.27684140205383
41.38869047164917
41.4908504486084
41.603543281555176
41.72664427757263
41.862157106399536
41.998019218444824
42.154879093170166
42.32160425186157
42.479960918426514
42.88555860519409
43.019638776779175
43.16723108291626
43.30066514015198
43.965017557144165
44.12263774871826
44.23492217063904
44.393107414245605
44.56154751777649
44.68482232093811
44.841981410980225
44.96609401702881
45.12459874153137
45.26971745491028
45.462064266204834
45.58537459373474
46.20389795303345
46.32817101478577
46.71027612686157
46.8462655544281
47.05970597267151
47.18244385719299
47.43015933036804
47.543036460876465
47.72180199623108
47.82404851913452
47.94763803482056
48.0830192565918
59.35473155975342
59.59186601638794
59.770559310913086
59.99659037590027
60.288251876831055
60.50317883491516
61.131903886795044
61.97600317001343
62.37020444869995
62.69716453552246
63.52931261062622
63.86579966545105
64.24881386756897
64.6419849395752
65.18174958229065
65.3176212310791
65.57538890838623
65.7106192111969
66.14904546737671
66.30806851387024
66.64510774612427
66.81287217140198
66.97092700004578
67.09470248222351
67.64589476585388
67.78193783760071
68.11842703819275
68.25403571128845
68.61398577690125
68.72716760635376
69.02946472167969
69.14182686805725
69.43441343307495
69.51332020759583
69.62633895874023
69.72737050056458
69.9073600769043
70.00863265991211
70.50454068183899
70.59443378448486
70.98749303817749
71.13379335403442
71.44909715652466
71.5617105960846
71.69678378105164
71.82043671607971
