0.8113100528717041
1.2150866985321045
1.7772412300109863
2.2271502017974854
2.9581005573272705
3.6563503742218018
4.050673961639404
4.735421657562256
5.591311931610107
5.713382959365845
5.91707706451416
6.062910318374634
7.277693748474121
7.796110153198242
8.504785299301147
8.718645095825195
8.831075668334961
8.976945161819458
9.88762378692627
10.641931533813477
11.395813941955566
11.890998601913452
12.84770917892456
12.981338500976562
13.184651851654053
13.297073602676392
13.735961675643921
13.881067514419556
14.140233039855957
14.264594554901123
14.444992303848267
14.612977743148804
15.861931800842285
16.334407567977905
16.95384168624878
17.393036365509033
17.59357976913452
17.752740383148193
18.404874086380005
18.62931513786316
19.765267610549927
20.587581872940063
21.363847255706787
21.767771005630493
22.54504370689392
22.723695993423462
23.658843517303467
24.54719853401184
24.97428035736084
25.188831567764282
25.897632598876953
26.042994737625122
26.42686653137207
28.091580867767334
28.5297372341156
28.754732608795166
29.125657081604004
29.811240196228027
30.228625535964966
30.42086672782898
30.769367218017578
31.218787670135498
31.645705223083496
31.825793027877808
32.433122873306274
32.59144997596741
33.10845899581909
33.28955817222595
33.83942365646362
34.435474157333374
34.874141454696655
35.0546019077301
35.34633994102478
35.96487283706665
36.43820762634277
36.6063072681427
37.06852841377258
37.2715847492218
37.71095299720764
37.900867223739624
38.12594127655029
38.316967248916626
38.45161008834839
38.665542125701904
38.8006489276886
38.970173358917236
39.17219281196594
39.3064706325531
39.879716873168945
40.072378635406494
40.50006461143494
40.67961835861206
41.286285161972046
41.815611839294434
41.99540948867798
42.15337634086609
42.35600733757019
42.535194396972656
42.8396360874176
43.08612537384033
43.33516716957092
43.53622388839722
43.795108795166016
43.986671447753906
44.39178109169006
44.99950337409973
45.066863775253296
45.381099224090576
46.27132058143616
46.49551177024841
46.68816781044006
46.81154012680054
47.0128333568573
47.16060924530029
47.361754417419434
47.474185943603516
47.68743634223938
47.83509159088135
48.08101034164429
48.182817220687866
48.42129588127136
48.61030197143555
48.75700783729553
48.91462326049805
49.08280920982361
49.219229221343994
49.52233648300171
49.64623165130615
49.860321283340454
50.00554585456848
50.15237903594971
50.31040024757385
50.534356355667114
50.658665895462036
50.838011503219604
50.985631227493286
51.18711042404175
51.31088376045227
51.50255608558655
51.64774131774902
51.88716697692871
51.996493339538574
52.311989068984985
52.48097634315491
52.63880395889282
52.75067949295044
52.84130358695984
53.42561960220337
54.033910274505615
54.753103494644165
55.406044721603394
56.38485836982727
56.7003493309021
56.89146161079407
57.73408031463623
57.8933789730072
58.09430718421936
58.285844802856445
58.86009383201599
59.01728796958923
59.63688063621521
59.827213764190674
60.59319353103638
60.749632358551025
60.98679494857788
61.17660355567932
61.62692713737488
61.78509330749512
62.111305713653564
62.28066039085388
62.84298825263977
62.98961162567139
63.43846035003662
63.58502721786499
63.75442385673523
63.9332115650177
64.54123282432556
64.69782280921936
65.36179614067078
65.53011679649353
66.31805801391602
66.47555208206177
66.9600019454956
67.42119145393372
67.83661270141602
67.96117734909058
68.86155843734741
69.02929759025574
69.2885537147522
69.7722601890564
71.2912974357605
71.43733954429626
72.14667129516602
72.32680034637451
72.85463452339172
73.33890175819397
73.71075344085693
73.85636377334595
74.24868965148926
74.39534378051758
74.51990938186646
74.69993329048157
74.8794949054718
75.04801225662231
75.45407223701477
75.59982776641846
76.12877607345581
76.27526378631592
76.52258157730103
76.66749024391174
76.85959506034851
77.05094194412231
77.69291687011719
77.87235474586487
78.23178148269653
78.35633063316345
78.6932168006897
78.84043025970459
79.11001873016357
79.23304891586304
