0.7873990535736084
0.8879578113555908
1.068716049194336
1.2030577659606934
1.6758008003234863
1.7994208335876465
2.4076530933380127
2.5307810306549072
2.6781303882598877
2.767054796218872
2.8568921089172363
3.0038375854492188
3.307032585144043
3.430581569671631
3.5209121704101562
3.621919870376587
3.8023571968078613
3.913792848587036
4.082597732543945
4.206638813018799
4.4203526973724365
4.533915758132935
4.611475467681885
4.713059902191162
5.365228652954102
5.478506565093994
5.770663499832153
5.917604684829712
6.4679460525512695
6.602977991104126
7.019711494445801
7.10984468460083
7.469074964523315
7.604062795639038
8.189191818237305
8.290640354156494
8.357915163040161
8.481639385223389
8.650545597076416
9.337104558944702
9.67444396018982
10.091096878051758
10.86781907081604
10.946489572525024
11.08126950263977
11.181604385375977
11.520026922225952
11.619938611984253
11.935030698776245
12.01469087600708
12.161494016647339
12.261774778366089
12.925334215164185
13.015800952911377
13.297456741333008
13.4111328125
13.701369524002075
13.791690111160278
14.028663396835327
14.129539012908936
14.218953371047974
14.355019807815552
14.929341077804565
15.030445098876953
16.154260873794556
16.311598777770996
16.626890420913696
16.728102445602417
17.032184600830078
17.144996166229248
17.3352530002594
17.447608709335327
17.707136154174805
17.831313371658325
18.314624309539795
18.43812918663025
19.000112533569336
19.102168321609497
20.012725353240967
20.137015104293823
20.721678733825684
20.85661220550537
21.3077712059021
21.431446075439453
22.56738018989563
23.0954327583313
24.435132265090942
24.626559019088745
25.16549015045166
25.324321031570435
25.412543296813965
25.526672840118408
25.795679092407227
25.91951894760132
26.03148651123047
26.155670881271362
26.268587112426758
26.40366268157959
26.504503965377808
26.65162992477417
26.740806818008423
26.886797428131104
27.697536945343018
27.820857048034668
27.956145524978638
28.079811811447144
28.16889786720276
28.30507206916809
29.18223285675049
29.306029319763184
29.3958740234375
29.531432151794434
29.63211703300476
29.756275415420532
30.07104516029358
30.205660581588745
30.655340433120728
30.790716648101807
31.65651273727417
31.781140089035034
32.781946420669556
32.917680501937866
33.536324977874756
33.65962505340576
34.187864780426025
34.31258583068848
34.9201717376709
35.04323148727417
35.70660138130188
35.842461347579956
36.9116575717926
37.03473877906799
37.18058466911316
37.31553840637207
37.451340198516846
37.56294536590576
37.732858180999756
37.8446991443634
37.94627356529236
38.03518199920654
38.16093373298645
38.26043152809143
38.37280488014221
38.474698543548584
38.5875825881958
38.699836015701294
39.318169593811035
39.46435499191284
39.89233875274658
40.03895878791809
40.21804714202881
40.61147427558899
41.17601656913757
41.34303259849548
41.579864263534546
42.14229488372803
42.59210991859436
42.726903676986694
42.975019216537476
43.07644581794739
43.1432466506958
43.289769649505615
43.514816999435425
43.63857698440552
43.91973280906677
44.04380822181702
44.13324427604675
44.28031396865845
44.45947337150574
44.561476707458496
47.81233763694763
47.913727045059204
48.690117597579956
48.83522963523865
49.98413801193237
50.15206837654114
51.17675423622131
51.70427131652832
52.278748989105225
52.41327357292175
53.27900767326355
53.41393852233887
54.46085071563721
54.9778790473938
56.474480867385864
56.6316180229187
57.43128681182861
57.53149223327637
57.62181997299194
57.700655698776245
57.778960943222046
57.8595552444458
57.937599897384644
58.00455093383789
58.08311367034912
58.17398238182068
58.26433205604553
58.34182000160217
58.42073202133179
58.48808026313782
58.589651346206665
58.668593406677246
58.760560035705566
58.82603120803833
58.91664958000183
58.98419666290283
61.96383619308472
62.245407581329346
62.774940729141235
63.10029172897339
63.65177774429321
63.7311794757843
63.93374276161194
64.63166522979736
65.41862368583679
65.7896740436554
66.01402020454407
66.52113127708435
66.66760230064392
66.85841298103333
68.03986668586731
68.51184725761414
69.10902452468872
69.34409999847412
69.64731359481812
69.74940967559814
70.0304787158966
70.30163931846619
71.75252842903137
71.9767279624939
72.53915929794312
72.70887470245361
73.69862461090088
74.00265836715698
74.12675786018372
74.32877230644226
74.70084023475647
74.9132432937622
75.19443392753601
75.37581634521484
77.06245112419128
77.1966233253479
77.65888047218323
77.79286289215088
80.84215450286865
81.02275156974792
81.33729577064514
81.83112931251526
84.28492307662964
84.396657705307
84.52054619789124
84.62278866767883
84.77938032150269
84.8919928073883
85.03913640975952
85.1405029296875
85.2297990322113
85.33227729797363
85.4546000957489
85.52211451530457
85.62297677993774
85.74758648872375
85.88250374794006
86.37747168540955
88.06483459472656
88.24452805519104
88.40331840515137
88.50464844703674
88.57151627540588
88.70664572715759
88.9651529788971
89.11210036277771
89.20046758651733
89.60557532310486
