2.5348916053771973
2.6403391361236572
2.8919830322265625
3.059814691543579
3.2495229244232178
3.4165892601013184
4.182991027832031
4.309478998184204
4.945369482040405
5.061586380004883
6.693605184555054
6.839828729629517
6.99776554107666
7.156154155731201
8.255778551101685
8.375713109970093
8.55515193939209
8.628495931625366
11.3111093044281
11.532674789428711
11.679461479187012
11.858007192611694
12.036730766296387
13.345015287399292
14.180299043655396
14.348566770553589
14.549100637435913
14.779035806655884
15.775837182998657
15.933079481124878
16.13333225250244
16.344799041748047
16.96761155128479
17.1471745967865
17.32704997062683
17.527432441711426
17.726168155670166
17.946419954299927
18.13502073287964
18.293951988220215
18.52671766281128
18.69504714012146
19.89583468437195
20.04454278945923
20.17965602874756
20.34843873977661
20.54766082763672
20.69406008720398
20.936096668243408
21.104464769363403
21.325483322143555
21.513461112976074
21.69235873222351
21.860442399978638
22.028180837631226
22.22862720489502
26.137373685836792
26.32678246498108
27.308899879455566
27.41508436203003
27.604913234710693
27.75099229812622
28.877533674240112
29.04451823234558
29.305787801742554
29.463486671447754
30.468130350112915
30.59294557571411
30.896129846572876
31.00186538696289
42.121989488601685
42.34320020675659
42.490846157073975
42.69038796424866
43.41754412651062
43.585742473602295
43.786041498184204
43.93498349189758
44.167890310287476
44.29367280006409
44.87220215797424
45.11488485336304
45.695611238479614
45.86469626426697
46.11398792266846
46.34634590148926
46.57576608657837
46.76414108276367
47.00673317909241
47.154486656188965
47.355286836624146
47.534831285476685
47.72653818130493
47.88711738586426
48.13934659957886
48.327664375305176
48.580817222595215
48.74873900413513
48.91785526275635
49.106456995010376
49.73933291435242
49.9077935218811
50.08617401123047
50.23324370384216
50.50821852684021
50.729631423950195
51.972028970718384
52.07769846916199
52.17162251472473
52.30968928337097
52.520442962646484
52.699443101882935
55.30447435379028
55.515878438949585
56.14094090461731
56.33147406578064
56.57491850852966
56.711565256118774
56.94388461112976
57.082292556762695
57.6781222820282
57.86820363998413
58.45998191833496
58.65956473350525
58.84936809539795
59.049493074417114
59.36508369445801
59.53493118286133
59.6917781829834
59.89385914802551
60.08256483078003
60.30173659324646
60.489909410476685
60.823139667510986
61.0115327835083
61.1792356967926
61.32620048522949
61.52586603164673
61.71566963195801
62.07057309150696
62.25967478752136
62.76559329032898
62.90062141418457
63.08993577957153
63.26848316192627
63.502790451049805
