3.397367477416992
4.0280678272247314
4.613161563873291
5.715412378311157
9.382867574691772
10.114301204681396
10.630783796310425
10.823294639587402
11.835230588912964
11.94789457321167
12.004421472549438
12.127355575561523
12.18387746810913
12.31971526145935
12.735052347183228
12.859198331832886
13.42084288597107
13.522101879119873
13.579619646072388
13.702279090881348
13.781431198120117
13.894032001495361
13.972652435302734
14.064035892486572
14.141493320465088
14.23168659210205
14.286771535873413
14.411023139953613
14.96253514289856
15.053298950195312
15.119712829589844
15.24388861656189
15.333402395248413
15.435747861862183
15.547810316085815
15.648120641708374
15.717169761657715
15.82945466041565
15.907272577285767
16.020069122314453
16.143362045288086
16.380642890930176
17.021061658859253
17.17961311340332
18.214441537857056
18.349292278289795
18.416868925094604
18.530019998550415
18.618895769119263
18.719497442245483
18.9803364276886
19.068357229232788
19.125856399536133
19.260470151901245
19.8462815284729
19.96887969970703
20.12636947631836
20.27330207824707
20.37385368347168
20.50898766517639
20.813211917877197
20.924883127212524
21.47689986228943
21.611982822418213
21.756681203842163
21.892683744430542
22.52197790145874
24.491157054901123
25.075595378875732
25.290036916732788
25.537724018096924
25.707507610321045
26.02057123184204
26.10104274749756
26.35830593109131
26.437570810317993
26.66349196434021
26.77590250968933
27.450255393981934
27.540663719177246
27.741698026657104
27.843806266784668
28.159008502960205
28.248461484909058
28.59779930114746
28.721864700317383
28.94768190383911
29.070852756500244
29.328845739364624
29.453118085861206
29.76719045639038
29.891157865524292
30.00371503829956
30.12721037864685
31.55537176132202
31.758055925369263
32.388976097106934
33.48069500923157
34.470431089401245
34.64978051185608
34.84211206436157
35.04339623451233
35.6300106048584
36.135043144226074
38.12653398513794
38.25081253051758
39.23002219200134
39.35230731964111
44.87693214416504
45.05691838264465
45.69711518287659
45.86654829978943
46.51923179626465
46.67638540267944
46.85706424713135
46.94631028175354
47.01460814476013
47.126734495162964
47.20561361312866
47.29622793197632
47.39599132537842
47.49776363372803
47.58699369430542
47.69975519180298
47.80171203613281
47.879409313201904
47.95962142944336
48.05970525741577
48.12790274620056
48.21717667579651
48.296263456344604
48.397600173950195
48.4664511680603
48.56643629074097
48.66729378700256
48.75710320472717
48.826205253601074
48.94838857650757
50.535812854766846
50.85045313835144
51.25516390800476
51.49181056022644
52.90821981430054
53.234925508499146
53.730236768722534
53.97820067405701
55.29523158073425
55.42849922180176
56.464433908462524
56.65553283691406
57.48698425292969
57.85810375213623
58.62400722503662
58.86027932167053
59.288092851638794
59.61354327201843
61.67226028442383
61.80805706977844
62.68504738807678
62.93217468261719
63.337108850479126
63.60810112953186
63.876941442489624
64.36238598823547
64.96901774406433
65.21731925010681
65.43086409568787
65.76715445518494
66.29690194129944
66.61225771903992
66.89270401000977
67.14030885696411
68.03941988945007
68.18728017807007
69.01873588562012
69.25528573989868
69.53709053993225
69.85120749473572
70.52648329734802
70.97698140144348
71.19041395187378
71.49422478675842
71.80822706222534
72.06774497032166
72.92320489883423
73.10231399536133
73.40622043609619
73.55334496498108
74.40700650215149
74.5533082485199
76.99544286727905
77.16473460197449
77.34456729888916
77.52435731887817
77.71471905708313
77.86216616630554
78.04130554199219
78.19871354103088
78.52555680274963
78.6496000289917
78.71637773513794
78.81747198104858
78.89613676071167
79.008469581604
79.07638478279114
79.17677330970764
79.2459921836853
79.34734559059143
79.42624521255493
79.52768039703369
79.61698579788208
79.75149583816528
80.44853377342224
80.60704898834229
80.85439014434814
81.01251649856567
81.66359686851501
81.82261943817139
82.9571704864502
83.09235286712646
83.28388571739197
83.94776582717896
84.09437155723572
84.25107979774475
85.69190263748169
85.80436396598816
85.95005702972412
86.08588242530823
86.35490727424622
86.49041366577148
86.86194276809692
86.97366142272949
87.26605415344238
87.36821866035461
87.61520290374756
87.76117825508118
89.7304835319519
89.87651443481445
90.44966459274292
90.69766974449158
91.04639792442322
91.22598671913147
91.31690502166748
91.46367883682251
92.10388803482056
92.21672320365906
92.28437066078186
92.37419056892395
92.45279240608215
92.58807873725891
93.28595805168152
93.42091703414917
93.50975203514099
93.61136651039124
93.67837166786194
93.82628393173218
94.07318067550659
94.18618130683899
94.25314784049988
94.3991756439209
94.88256549835205
95.29827737808228
95.88442659378052
96.14232397079468
96.73889303207397
97.68438220024109
98.5722918510437
99.51704430580139
99.96719932556152
101.86864638328552
