4.770145893096924
5.918011426925659
7.155921697616577
7.525618314743042
8.875201940536499
9.22743558883667
12.014098644256592
12.327994585037231
12.398445129394531
12.656739234924316
14.028376340866089
14.410596132278442
16.686415433883667
17.056633949279785
17.639363288879395
17.854127883911133
19.327507734298706
19.653209686279297
20.631596565246582
20.83283281326294
21.06903648376465
21.80420160293579
22.02809166908264
22.198018550872803
22.63309621810913
22.905993223190308
24.11995577812195
24.443886041641235
25.04067301750183
25.271432161331177
25.504436016082764
25.673904418945312
25.864521265029907
26.06530499458313
26.312053442001343
26.572118282318115
27.931974411010742
28.30744743347168
28.810382604599
29.12672781944275
29.577383041381836
29.83604669570923
30.722182989120483
30.90603756904602
31.10835552215576
31.227932453155518
31.491256952285767
31.647540807724
31.913384675979614
32.05307626724243
32.27650737762451
32.45420026779175
32.63804030418396
32.761898040771484
32.949026346206665
33.10610342025757
33.32224178314209
33.459513902664185
33.68298292160034
33.818742513656616
34.18980145454407
34.370407819747925
34.47904586791992
34.62639832496643
34.81651163101196
34.95205807685852
35.158766746520996
35.316487073898315
35.485349893569946
35.64051151275635
35.822559118270874
35.97856831550598
36.19292974472046
36.34963893890381
36.608630895614624
36.731667280197144
37.27115297317505
37.620994567871094
37.8478467464447
37.98078107833862
38.227843284606934
38.34938359260559
38.59875512123108
38.76663565635681
38.972384452819824
39.09478044509888
39.3288938999176
39.48751163482666
39.69209408760071
39.8383674621582
43.04267334938049
43.12351131439209
43.22538685798645
43.30058431625366
43.35503268241882
43.45903134346008
43.51276421546936
43.60499453544617
46.23890447616577
46.370182037353516
46.64016270637512
46.76938581466675
47.0824978351593
47.23977184295654
47.51830816268921
47.65424466133118
47.98185467720032
48.08504867553711
48.14985728263855
48.275885343551636
48.372724294662476
48.511143922805786
49.299585580825806
49.445616006851196
49.72597360610962
49.83878254890442
49.91400456428528
50.07253098487854
50.91894030570984
51.05274486541748
51.414692878723145
51.539196729660034
51.669156551361084
51.793405294418335
51.85229754447937
51.89519023895264
51.975160121917725
52.06748342514038
52.13240456581116
52.20242404937744
52.63944220542908
52.7158465385437
52.785958766937256
52.88897895812988
52.976791858673096
53.089476108551025
53.15459060668945
53.247724294662476
53.323031425476074
53.41397285461426
53.506651401519775
53.5826416015625
53.66359329223633
53.75043487548828
53.83199691772461
53.8963680267334
53.9992573261261
54.09034204483032
54.156216621398926
54.237276792526245
54.3345365524292
54.41404724121094
54.495593309402466
54.58281421661377
54.68814158439636
54.765279054641724
54.8572518825531
54.93407607078552
55.01449155807495
55.09004020690918
55.172191858291626
55.273226499557495
55.575852394104004
55.71100926399231
56.12698006629944
56.3830349445343
56.52031135559082
56.6882061958313
56.80319023132324
56.95655345916748
57.53094553947449
58.070409536361694
58.34329152107239
58.478198289871216
58.82439136505127
58.97209548950195
59.11810088157654
59.31941890716553
59.622573137283325
59.806336879730225
60.379185914993286
60.59455323219299
60.88670086860657
61.13025379180908
61.78681969642639
61.94431924819946
63.01352143287659
63.30247783660889
63.935115575790405
64.0919132232666
64.17892479896545
64.3037281036377
64.37457942962646
64.50999665260315
64.85558295249939
64.97863221168518
65.10378241539001
65.21692371368408
65.3191225528717
65.39487171173096
65.50940680503845
65.62310361862183
65.72492265701294
65.81237626075745
65.93850946426392
66.06044697761536
66.14933657646179
66.28788471221924
66.58606219291687
66.74818348884583
67.06060671806335
67.20663499832153
67.35218286514282
67.4770336151123
67.6006920337677
67.73925542831421
68.26411938667297
68.4101014137268
68.66949486732483
68.81510400772095
69.16740465164185
69.31337308883667
69.61521863937378
69.89464282989502
70.00995635986328
70.29222464561462
70.51307535171509
70.64817023277283
70.89702081680298
71.12180519104004
71.54919815063477
71.76624178886414
73.89873552322388
74.04507374763489
74.20338034629822
74.32807922363281
74.38771486282349
74.53261542320251
74.8247058391571
74.96064686775208
75.14979100227356
75.2857129573822
75.6543447971344
75.75863528251648
75.82328724861145
75.94856333732605
76.0188250541687
76.16430926322937
76.56769919395447
76.71548771858215
76.86124777793884
77.01841807365417
77.33238291740417
77.47748804092407
77.51049494743347
77.67955803871155
78.18813967704773
78.32223010063171
78.45645046234131
78.61473655700684
78.79466390609741
78.93954372406006
79.13174152374268
79.25583052635193
79.45726108551025
79.60312175750732
79.73799586296082
79.84093856811523
80.00899004936218
80.13265252113342
