0.8314845561981201
0.9454474449157715
1.5521173477172852
1.6533658504486084
2.1935644149780273
2.3184139728546143
3.071030855178833
3.5558528900146484
4.578872203826904
4.691180467605591
4.8038647174835205
4.9500720500946045
5.052149057388306
5.198347091674805
5.749485969543457
5.873035669326782
6.526289939880371
6.99788498878479
7.739564418792725
8.853785276412964
9.405520677566528
9.518091678619385
9.97848391532898
10.126235008239746
10.293861389160156
10.3955659866333
10.812692880630493
10.924715042114258
11.29507851600647
11.45292854309082
11.86972951889038
11.99325680732727
12.229494333267212
12.635198593139648
13.522600173950195
13.679850339889526
14.288570880889893
14.43360424041748
15.199694395065308
15.299597263336182
15.536319255828857
15.682478666305542
17.978041887283325
18.112520694732666
18.686535835266113
19.047489404678345
19.305433750152588
19.4397873878479
20.138683319091797
20.28458547592163
21.487457990646362
21.64623212814331
21.780503749847412
21.97089385986328
22.635007858276367
22.770256519317627
23.006346225738525
23.433850049972534
23.782241344451904
24.31256103515625
24.728149890899658
24.99776005744934
25.773738622665405
25.98759150505066
26.504765272140503
26.966983795166016
27.292299509048462
27.64187264442444
27.93433690071106
28.406787157058716
28.969815969467163
29.195146560668945
29.464577436447144
29.79080557823181
30.049538373947144
30.195116758346558
30.589026927947998
30.678977966308594
30.791475296020508
30.927265644073486
31.163414001464844
31.252532482147217
31.42168140411377
31.53470516204834
31.623708248138428
31.73705816268921
31.804086685180664
31.93935203552246
34.42555475234985
34.5823700428009
35.57306098937988
35.71944236755371
36.02253174781799
36.11376667022705
36.58559727668762
36.73158597946167
36.97925066947937
37.06896376609802
37.30471229553223
37.383456230163574
37.45096755027771
37.563693046569824
37.720903635025024
37.81122374534607
38.01426935195923
38.115952014923096
38.363460540771484
38.463733196258545
39.17212772369385
39.28524303436279
39.38585686683655
39.509525775909424
39.89295053482056
39.971413373947144
40.14091682434082
40.24212336540222
40.44489932060242
40.556334257125854
40.985013246536255
41.141297340393066
41.5807318687439
41.693808794021606
41.884533405303955
41.99663805961609
42.50301384925842
42.73870348930359
42.851035833358765
43.480862855911255
43.876028060913086
44.52886700630188
45.08017659187317
45.37180948257446
45.66482591629028
45.85573363304138
46.519312620162964
47.06968641281128
47.48663353919983
47.73443531990051
48.30847430229187
48.47705388069153
48.700494050979614
49.11754274368286
49.286508560180664
49.387672424316406
49.612581729888916
49.780824422836304
49.983487367630005
50.084989070892334
50.32117223739624
50.468148708343506
50.69258737564087
50.81686544418335
51.76223039627075
51.952433824539185
52.52851057052612
52.75206804275513
53.06724548339844
53.20248293876648
53.26897644996643
53.42658996582031
54.00007486343384
54.191643476486206
54.42740321159363
54.75348877906799
55.02397108078003
55.24909806251526
55.76668405532837
55.89045715332031
56.14868092536926
56.385595083236694
56.677692890167236
56.87954068183899
58.061450242996216
58.624077558517456
59.18654203414917
59.378957748413086
60.1203498840332
60.2328839302063
60.322839975357056
60.48016548156738
60.59355568885803
60.88508868217468
61.09840416908264
61.27844762802124
61.695385217666626
62.13353085517883
62.62896013259888
63.07864689826965
63.37096118927002
63.6071720123291
63.86658215522766
64.02468705177307
64.22701287269592
64.46272897720337
64.6650619506836
64.93572092056274
65.13742589950562
65.37458515167236
65.61098790168762
65.85795211791992
66.0712661743164
66.29589653015137
66.67858934402466
66.99400210380554
67.23100137710571
67.47855019569397
67.73671436309814
67.99525904655457
68.2879319190979
68.4450855255127
68.86256146430969
69.00768566131592
69.22225093841553
69.31213736534119
69.46997809410095
69.59396624565125
69.72854781150818
69.8513331413269
70.34750318527222
70.49338102340698
70.72966647148132
71.4158582687378
71.6072347164154
71.74104380607605
71.88858199119568
72.02249336242676
72.87837147712708
73.05807328224182
73.29370427131653
73.55295777320862
73.84614372253418
74.08108854293823
74.35107159614563
74.58846950531006
74.86928534507751
75.01492667198181
75.19557237625122
75.33053207397461
75.47848391532898
75.62244892120361
75.98212599754333
76.11824989318848
76.42233371734619
76.55643963813782
76.96116423606873
77.10779070854187
77.80529069900513
77.96276831626892
78.07587838172913
78.61555552482605
79.43598580360413
79.61666941642761
80.13366365432739
80.53867173194885
81.15751266479492
81.30368781089783
81.5408673286438
82.19492864608765
82.53046131134033
82.68820834159851
83.32975840568542
83.47526502609253
83.8459119796753
83.95914077758789
