2.7453668117523193
2.869415521621704
3.11602520942688
3.217742919921875
3.6669063568115234
3.927138566970825
4.049691438674927
4.252882719039917
4.410272121429443
4.64577054977417
5.5907793045043945
5.7931859493255615
5.984436988830566
6.22173810005188
6.615959405899048
6.840249061584473
7.054608345031738
7.234661340713501
7.4361491203308105
7.593766689300537
8.461233615875244
8.629465818405151
8.831329584121704
9.012028932571411
9.955997943878174
10.06900143623352
10.631456851959229
10.721816062927246
11.138051509857178
11.216517686843872
14.388655424118042
14.558336973190308
14.850136518478394
14.973803520202637
15.468530654907227
15.53583550453186
15.884590864181519
15.986019134521484
16.155090808868408
16.392033100128174
17.27970814704895
17.562064170837402
17.8197500705719
17.943655729293823
18.528754472732544
18.652536392211914
18.888572692871094
19.000937700271606
19.237171173095703
19.361412525177002
20.58730411529541
20.677130460739136
21.72356081008911
21.88236165046692
22.782437801361084
22.917415380477905
23.569016933441162
23.748910665512085
24.0080726146698
24.28971576690674
24.457335233688354
24.67143201828003
28.58592438697815
28.71106719970703
32.039878606796265
32.16542649269104
32.81671690940857
32.918349742889404
33.52521061897278
33.66026163101196
34.05413770675659
35.58386278152466
37.24976301193237
37.47463583946228
37.6087920665741
37.84540271759033
37.97010612487793
38.20541548728943
39.03856635093689
39.30816125869751
39.419676065444946
39.634246587753296
39.75834131240845
39.97122645378113
40.285788774490356
40.4898636341095
40.79410672187805
40.98406267166138
41.208932399749756
41.400007009506226
41.58137273788452
41.737940549850464
42.36786103248596
42.514490842819214
42.67123508453369
42.851654052734375
43.616310358047485
43.83096623420715
44.80925416946411
45.01246523857117
45.15807271003723
45.3492591381073
45.50663423538208
45.69800925254822
45.89936351776123
46.09224343299866
46.45263433456421
46.69877052307129
47.441214084625244
47.63417315483093
48.0043203830719
48.13973689079285
49.523353576660156
49.75898313522339
50.43352150917053
51.570202589035034
51.626953125
51.816795349121094
52.0083167552948
52.17752552032471
52.381746768951416
52.549187660217285
53.62968349456787
53.786922454833984
53.96732425689697
54.15737318992615
54.4848895072937
54.74339413642883
55.012717485427856
55.17002892494202
55.383979082107544
55.56463408470154
55.868131160736084
56.02457141876221
56.26091170310974
56.43077063560486
56.79055738449097
59.62558388710022
60.33347964286804
60.762458086013794
61.313504695892334
61.841487884521484
62.64017462730408
66.18351006507874
68.63659644126892
68.78220295906067
69.99803829193115
70.1108763217926
72.12482929229736
72.23759198188782
73.20367670059204
73.36207318305969
73.89012718200684
74.21651434898376
74.75656199455261
74.94741892814636
79.85328984260559
80.00987696647644
80.83124899864197
81.56316065788269
82.59749484062195
82.7659969329834
83.19454979896545
83.30649638175964
84.37567281723022
84.48859691619873
85.0050413608551
85.12873029708862
85.60237765312195
85.7472972869873
86.51366972923279
86.64876294136047
88.0324649810791
88.17827892303467
88.70610785484314
88.8642737865448
89.92127227783203
90.12496399879456
90.24768114089966
90.47355246543884
90.60802364349365
90.77610802650452
90.84385561943054
91.00208759307861
91.31586909294128
91.47504901885986
91.69898891448975
91.90168857574463
92.0701596736908
92.328941822052
96.25471210479736
96.51409554481506
97.93128252029419
98.26997065544128
98.74173331260681
98.98926901817322
99.53018140792847
100.02487087249756
101.6999261379242
102.06035852432251
102.6559739112854
103.23121070861816
103.52399134635925
103.98443293571472
104.40155482292175
104.8954906463623
105.24471688270569
105.81864857673645
106.12119174003601
106.51482009887695
107.37004208564758
107.5618941783905
107.79768490791321
108.02301287651062
108.67540287971497
108.87827825546265
109.02437138557434
109.21481990814209
109.35071229934692
109.53071689605713
110.53192901611328
110.92525362968445
111.09452104568481
111.48847484588623
111.78039360046387
112.01675915718079
112.19769191741943
112.45535969734192
112.62478756904602
112.86007022857666
122.02981352806091
122.8952898979187
123.40223526954651
123.76220893859863
123.862961769104
124.00921106338501
124.20017528533936
124.33530282974243
124.53811407089233
124.66245985031128
125.96693778038025
126.42859625816345
126.66391587257385
126.78885984420776
127.07998132705688
127.22717356681824
127.60941290855408
127.8798315525055
127.9690170288086
128.03756999969482
128.12648153305054
128.19578671455383
128.2742052078247
128.34078884124756
128.43102431297302
128.4867422580719
128.5655801296234
128.6329493522644
128.73400211334229
128.80207514762878
128.90392899513245
128.97022318840027
129.06070566177368
129.1392538547516
129.2299084663391
129.29744243621826
129.39778971672058
129.45484924316406
129.55523300170898
129.62379145622253
129.74626874923706
129.7912700176239
130.2744584083557
130.37703728675842
130.4563331604004
130.55637764930725
130.63646602630615
130.7035195827484
130.79434490203857
130.8612093925476
130.96254754066467
131.0514612197876
131.1422095298767
131.2089340686798
131.3111810684204
131.42269229888916
131.45722079277039
131.53496050834656
132.40222692489624
132.6597557067871
132.85169339179993
133.28021240234375
133.52626991271973
133.8757688999176
134.14671921730042
134.39331531524658
134.69749355316162
135.0006422996521
135.52907729148865
135.64234042167664
135.96738505363464
136.1358561515808
136.46313881874084
136.69967913627625
137.05958914756775
137.2968499660492
137.5987000465393
137.94777750968933
138.24081158638
138.75850868225098
139.07535982131958
139.2752377986908
140.0401735305786
140.24372363090515
140.5013575553894
141.26650023460388
141.50327897071838
142.77418851852417
144.20296454429626
144.41670489311218
144.51884841918945
144.719975233078
144.854998588562
145.04783058166504
145.63105249404907
145.9143989086151
147.25232481956482
147.54493069648743
147.99475717544556
148.20813751220703
148.75902676582336
148.98467993736267
149.67144560813904
150.05422925949097
150.16514897346497
150.35687255859375
150.52613925933838
150.69533944129944
150.88599109649658
151.07637810707092
151.28014206886292
151.43669605255127
151.6396713256836
151.81933975219727
152.021470785141
152.21429920196533
152.67402720451355
153.47351837158203
157.08448195457458
157.27550625801086
157.77111196517944
157.9740788936615
158.13096618652344
158.3455147743225
158.4907534122467
158.7376000881195
159.68375635147095
159.8634262084961
160.02127242088318
160.25669693946838
160.68426609039307
160.88633513450623
161.08888697624207
161.2804446220398
161.48358941078186
161.66318583488464
163.63165879249573
163.88008069992065
164.01379227638245
164.2399046421051
164.37409019470215
164.57726001739502
165.1387631893158
165.4651005268097
166.32025408744812
166.62414002418518
