1.1262359619140625
1.4404840469360352
2.453035831451416
2.5994513034820557
3.532428026199341
3.7694122791290283
4.7809367179870605
4.92850136756897
6.086377859115601
6.198220252990723
6.8405396938323975
7.2683868408203125
7.694771766662598
7.829678535461426
7.953839063644409
8.123013973236084
8.257178544998169
8.741836547851562
9.349108695983887
9.776580333709717
10.046807050704956
10.170477390289307
10.249119997024536
10.383556842803955
10.811566591262817
11.070266246795654
11.194463729858398
11.508131504058838
11.665865898132324
11.914340496063232
12.13857626914978
12.262784481048584
12.612577676773071
12.80367660522461
12.972280502319336
13.151955842971802
13.319997072219849
13.793111562728882
14.231986045837402
14.444962501525879
15.717340469360352
15.82864260673523
16.154664516448975
16.268298625946045
16.391230821609497
16.480760097503662
16.571648120880127
16.673408269882202
16.76402711868286
16.8985915184021
17.4711811542511
17.594743728637695
17.719581365585327
17.84265398979187
17.944326400756836
18.090377807617188
18.517510652542114
18.607801914215088
18.663857221603394
18.7767915725708
19.080402612686157
19.22718906402588
19.833718061447144
19.959765672683716
20.238637924194336
20.351879119873047
20.521345615386963
20.643404722213745
20.80212163925171
20.913944959640503
21.116245985031128
21.22929048538208
21.37657380104065
21.49871850013733
21.65721821784973
21.779732942581177
22.02768564224243
22.17531156539917
22.297961473464966
22.43408179283142
22.736997842788696
22.894166707992554
23.332475185394287
23.479745149612427
23.591275691986084
23.71557354927063
24.570035219192505
24.68279767036438
24.83000159263611
24.918793201446533
25.132265090942383
25.24609136581421
25.605513095855713
25.718022108078003
26.077064275741577
26.201032876968384
26.43695092201233
26.58394193649292
26.808616399765015
26.933422565460205
27.192220449447632
27.314863443374634
27.563934803009033
27.697337865829468
27.9123055934906
28.046079874038696
28.22647261619568
28.361122846603394
28.563894033432007
28.67707085609436
29.160449981689453
29.295385599136353
29.621198415756226
29.734416246414185
29.868486166000366
30.004924774169922
30.16126251220703
30.240763187408447
30.577697277069092
30.678744316101074
33.78433585166931
33.930806398391724
34.26769232749939
34.41449046134949
34.49364995956421
34.62815046310425
34.74007964134216
34.88622331619263
35.24615550041199
35.425696849823
35.674444913864136
35.81976342201233
35.944111585617065
36.06824851036072
36.23679995536804
36.36082434654236
36.63068914413452
36.79934740066528
37.249439001083374
37.372984886169434
37.49607610702515
37.62041759490967
38.03755497932434
38.1603741645813
38.363510847091675
38.476110219955444
38.65629005432129
38.7785005569458
39.03739380836487
39.138866901397705
39.386850357055664
39.49903917312622
39.68987679481506
39.813666343688965
40.038379430770874
40.128748178482056
43.13233470916748
43.26780581474304
43.391754388809204
43.526365995407104
43.63856601715088
43.76358699798584
43.909956216812134
44.03304100036621
44.18984341621399
44.32617783546448
44.83127999305725
44.92101216316223
45.00003695487976
45.10104441642761
45.169450521469116
45.27007722854614
45.34856724739075
45.461262941360474
45.7651047706604
45.92270302772522
46.159223794937134
46.24884247779846
46.39567589759827
46.508870124816895
47.04785084724426
47.18370580673218
47.34059691429138
47.45326089859009
47.59878754615784
47.7005090713501
47.7793710231781
47.880844593048096
47.95854830741882
48.08345603942871
48.228886127471924
48.35391092300415
48.63441348075867
48.780033111572266
49.1397864818573
51.5479302406311
52.00918626785278
52.178011894226074
52.77452802658081
52.90863060951233
53.09959864616394
53.24607038497925
53.438299894332886
53.576419830322266
53.786633253097534
53.92150020599365
54.14659261703491
54.27027654647827
54.439358949661255
54.57490086555481
54.97958278656006
55.13764953613281
55.48648762702942
55.63230276107788
55.87872338294983
56.026264905929565
56.19426608085632
56.351364850997925
56.66666507720947
56.904375076293945
57.49948191642761
57.63376832008362
57.904685497283936
58.08396029472351
58.624356746673584
58.79353189468384
59.007200956344604
59.23129439353943
60.57085108757019
60.88607573509216
61.154842138290405
61.34653925895691
61.516234159469604
61.63861966133118
61.87502694129944
61.98750281333923
62.16731119155884
62.313958406448364
62.573896408081055
62.71901512145996
63.349605321884155
63.70961928367615
63.93390369415283
64.05843544006348
64.29423975944519
64.44046068191528
64.64304375648499
64.78998565673828
65.05840253829956
65.53174805641174
65.80086183547974
65.89212584495544
66.1611430644989
66.29636263847351
66.93836092948914
67.31997966766357
67.6134045124054
67.7711968421936
68.01839280128479
68.16382193565369
68.4010283946991
68.55965757369995
68.7153730392456
68.8610486984253
69.04155492782593
69.6040141582489
70.05478429794312
70.22301363945007
70.42570877075195
70.55989837646484
70.80866742134094
70.93210458755493
71.20273280143738
71.33704900741577
72.27119493484497
72.63007855415344
72.87727117538452
73.05784630775452
73.36225080490112
73.56405663490295
73.755868434906
73.91403365135193
74.23910164833069
74.77962112426758
75.21821451187134
75.3981773853302
75.75812697410583
75.96069741249084
76.16310000419617
76.29873442649841
76.77096271514893
77.10770106315613
77.33359932899475
77.45679712295532
77.58071112632751
77.67001342773438
79.70626401901245
79.8196074962616
79.94342970848083
80.08888483047485
80.1458113193512
80.29119539260864
80.44917511940002
80.59435272216797
80.76389050483704
80.89927315711975
81.24783182144165
81.36079001426697
81.43914031982422
81.51832842826843
81.60816025733948
81.70868158340454
81.77642297744751
81.92401170730591
82.30562782287598
82.39530944824219
82.59885597229004
82.74352431297302
82.94705724716187
83.09258937835693
83.44235968589783
83.5761206150055
83.7802848815918
83.90389680862427
84.10521841049194
84.21743249893188
84.30800008773804
84.41983890533447
84.45517015457153
84.6118094921112
84.84746670722961
84.96073007583618
85.20895791053772
85.37658452987671
85.80539464950562
85.96120047569275
86.11872982978821
86.23238801956177
86.3225736618042
86.43508768081665
86.52548670768738
86.67008852958679
86.93008804321289
87.0870611667633
88.57119488716125
88.84207344055176
89.0338683128357
90.34999871253967
90.68714022636414
90.99056339263916
91.16994452476501
91.28392148017883
91.40684461593628
92.6435272693634
93.04893779754639
93.17316007614136
93.330810546875
93.45446753501892
93.69073128700256
95.4574236869812
