1.4169342517852783
1.5068955421447754
1.889904499053955
2.3960978984832764
3.0040340423583984
3.431682586669922
4.0391082763671875
4.22963547706604
5.321000576019287
5.523227214813232
6.086320400238037
6.220190763473511
6.805363893508911
6.9294774532318115
7.335407018661499
7.8630242347717285
8.323805570602417
8.505061149597168
9.055647373199463
9.539600372314453
9.989598274230957
10.192131757736206
10.350130558013916
10.540124416351318
11.02475357055664
11.76771092414856
12.363592863082886
12.532169103622437
13.049584150314331
13.230530261993408
13.465650081634521
13.656822681427002
14.08511233329773
14.252898216247559
14.702985763549805
14.884242534637451
15.378103733062744
15.514022588729858
16.165041208267212
16.626862049102783
17.1450252532959
17.302748680114746
17.459765434265137
17.60576057434082
18.84248447418213
19.27041268348694
20.147698163986206
20.373735189437866
20.868590116500854
21.34023952484131
21.53263759613037
21.892552137374878
22.410430192947388
22.859802722930908
23.513063192367554
23.94009828567505
24.33327841758728
24.704104900360107
25.187811136245728
25.683178186416626
26.201201915740967
26.617629766464233
26.96574330329895
27.16780924797058
27.471723079681396
27.65257239341736
28.169694900512695
28.63041043281555
29.058032751083374
29.294678211212158
29.45203447341919
29.82396626472473
30.171835899353027
30.363011360168457
30.67889142036438
31.15196990966797
31.657546043395996
32.23072791099548
32.61320209503174
33.197978258132935
33.592291593551636
33.727269887924194
34.34635376930237
34.83089089393616
35.301541805267334
35.44774079322815
35.910338163375854
36.10170292854309
36.686216592788696
36.8776593208313
37.32713484764099
37.507209062576294
38.05870580673218
38.59822726249695
39.04763126373291
39.18347382545471
39.68952679634094
39.824291467666626
40.218639850616455
40.938873052597046
41.32079362869263
41.47815990447998
42.07408595085144
42.536202907562256
43.09757137298584
43.267568826675415
43.82953405380249
43.952816009521484
44.55026340484619
44.695900440216064
45.10170340538025
46.001280546188354
46.45132327079773
46.60788345336914
46.93422079086304
47.05794358253479
47.62084698677063
47.72301626205444
48.1160728931427
48.340938568115234
48.71303749084473
48.8481969833374
49.443148136138916
50.028379678726196
50.51316285133362
50.6699104309082
51.13092517852783
51.321701765060425
51.84042477607727
51.99669051170349
52.481297731399536
52.72863054275513
52.9194016456604
53.07782196998596
53.516032218933105
53.65155267715454
53.897828340530396
54.05675387382507
54.246498346328735
54.40473389625549
54.62957715988159
54.76468062400818
54.967775106430054
55.113032579422
55.30438780784607
55.45038843154907
55.66534113883972
55.75459313392639
55.991843938827515
56.11543536186218
56.32869076728821
56.475321769714355
56.666319131851196
56.869205713272095
56.99208903312683
57.11625957489014
57.45337390899658
57.59982490539551
57.80140137672424
57.947585582733154
58.1285138130188
58.24122381210327
58.50014352798462
58.645938873291016
58.904072523117065
59.06187152862549
59.19771647453308
59.33157253265381
59.456408977508545
59.68049669265747
59.87254309654236
59.92930841445923
60.10880374908447
60.26519584655762
60.61401081085205
60.839773178100586
61.09836935997009
61.312801122665405
61.682966232299805
61.907832622528076
62.18976926803589
62.47081542015076
62.94292211532593
63.21341609954834
63.52854585647583
63.79811882972717
64.23638534545898
64.50654482841492
64.96918892860413
65.1484797000885
65.60956573486328
66.15064835548401
66.58811163902283
66.7904896736145
67.36427307128906
67.52193307876587
68.2866280078888
68.42249131202698
68.7152464389801
68.838858127594
69.4345691204071
69.93037176132202
70.03105664253235
70.22275114059448
71.03131008148193
71.1785318851471
71.3925449848175
72.2709858417511
72.92211270332336
73.05711817741394
73.36136412620544
73.86737179756165
74.37365531921387
74.51980781555176
74.70067882537842
74.89074873924255
75.04849147796631
75.25096702575684
75.7456157207489
75.92702007293701
76.40965509414673
76.59100723266602
77.08432412147522
77.26472735404968
77.78216409683228
78.70467615127563
79.09863376617432
79.2781126499176
80.08945274353027
80.25777506828308
80.58461260795593
80.71818852424622
80.86432719230652
81.07877850532532
81.2136971950531
81.3934919834137
81.83250784873962
81.97878909111023
82.45142865180969
82.63018012046814
83.15960621833801
83.31725311279297
83.52016091346741
83.68840837478638
84.15050387382507
84.34096360206604
84.73481917381287
84.90369415283203
