4.6773762702941895
4.936038494110107
5.489525556564331
5.772021293640137
8.603409051895142
8.760082244873047
8.914788246154785
9.034635305404663
9.379810333251953
9.493135213851929
9.89709758758545
9.978679418563843
10.384303569793701
10.519718647003174
10.9352126121521
11.04353952407837
11.35976767539978
11.44125247001648
11.517313241958618
11.6208975315094
16.35729455947876
16.605250358581543
17.763097763061523
17.95261287689209
19.282991647720337
19.553316831588745
20.190616607666016
20.45028018951416
24.375699520111084
24.60126757621765
24.758618593215942
24.905428647994995
25.04148030281067
25.25335168838501
25.638287782669067
25.794508934020996
26.19880700111389
26.434629917144775
26.651512622833252
26.77536678314209
29.531626224517822
29.798242568969727
34.300063133239746
34.48132300376892
35.27980041503906
35.39428091049194
36.359586000442505
36.485432147979736
38.27045965194702
38.43078279495239
39.8111732006073
40.02642321586609
40.273240089416504
40.50037407875061
40.91491413116455
41.11582398414612
41.319929122924805
41.48721265792847
41.79177665710449
41.981921911239624
42.17409014701843
42.5010199546814
42.770989656448364
42.81420660018921
43.06493353843689
43.218982458114624
43.376197814941406
43.51569128036499
43.66005778312683
44.042667865753174
44.242185831069946
44.39235472679138
44.54837393760681
44.67330050468445
44.990379095077515
45.16901636123657
45.417380571365356
45.58624029159546
47.78986597061157
48.000741481781006
48.65371918678284
49.00166082382202
49.86081409454346
50.1975154876709
50.376044511795044
50.62543964385986
50.83547639846802
51.064085483551025
51.286226749420166
51.48105049133301
51.633700132369995
51.8400673866272
52.14254570007324
52.32476830482483
52.61488652229309
52.79664373397827
53.51311206817627
53.751577615737915
54.50456643104553
54.673412561416626
54.717100620269775
54.91028642654419
55.31383919715881
55.85307550430298
56.25014853477478
56.40793561935425
57.14801549911499
57.309478759765625
58.99967670440674
59.22846460342407
59.635401487350464
59.92580437660217
60.87020421028137
61.06109666824341
62.8212354183197
63.01886487007141
63.192323207855225
63.391488552093506
63.572688817977905
63.78445053100586
64.05516123771667
64.20218181610107
64.77848291397095
64.94760251045227
65.5731692314148
65.8114812374115
65.87625694274902
66.01247358322144
66.13626217842102
66.28185987472534
66.48500561714172
66.66635465621948
66.83555793762207
66.91179180145264
67.13753914833069
67.2632486820221
67.54251337051392
67.69906306266785
68.59047651290894
68.82441806793213
69.39785313606262
69.63450026512146
75.03485012054443
75.18154335021973
76.26645708084106
76.4191620349884
77.30640959739685
77.61433792114258
77.86300468444824
78.20660972595215
78.43449330329895
78.53777122497559
78.76933407783508
78.86303043365479
79.03026103973389
79.12270617485046
79.26859664916992
79.38778710365295
79.53374910354614
79.62558650970459
82.89886975288391
83.02129364013672
83.81331825256348
84.03483963012695
85.76922416687012
85.92885637283325
86.70265221595764
86.8960530757904
88.12953305244446
88.30208921432495
89.63972973823547
89.77423644065857
90.58076190948486
90.72100138664246
91.6440908908844
91.87665557861328
93.02557635307312
93.18188810348511
93.89084649085999
94.12966656684875
94.32973909378052
96.98806309700012
