0.8007378578186035
0.9002532958984375
1.0245766639709473
1.1253118515014648
1.3397541046142578
1.5314013957977295
1.823624849319458
1.9469637870788574
2.0822043418884277
2.205095052719116
2.374223470687866
2.4754321575164795
2.8356387615203857
2.9711601734161377
3.0827627182006836
3.218944787979126
3.4759485721588135
3.602522373199463
3.9498307704925537
4.061855316162109
4.220982789993286
4.320828914642334
4.579631090164185
4.7139787673950195
5.355329751968384
5.479482173919678
5.85211443901062
6.109494924545288
6.413356304168701
6.513768196105957
6.60419774055481
6.80644416809082
7.078405141830444
7.290359020233154
7.573018550872803
7.673000335693359
7.853692293167114
7.9999401569366455
10.710469722747803
10.83506178855896
11.070232152938843
11.227813482284546
11.498722553253174
11.645215511322021
11.846842527389526
11.971165657043457
12.590408563613892
12.701961755752563
12.770318984985352
12.893752336502075
13.973920583724976
14.107892513275146
14.45772409439087
14.558436393737793
14.82875657081604
15.020766258239746
15.210728168487549
15.36824107170105
15.705612421035767
15.841365337371826
16.021650075912476
16.178786516189575
16.291205167770386
16.426204681396484
16.685311317443848
16.80827808380127
18.821139812469482
18.957742929458618
19.12609553337097
19.226712942123413
19.2831392288208
19.430456161499023
19.835700511932373
19.980263471603394
20.397881984710693
20.50940227508545
20.90375256538391
21.017561197280884
21.17304754257202
21.3764545917511
21.65647792816162
21.848994970321655
22.872647047042847
23.029870748519897
23.11992835998535
23.34534454345703
23.794864892959595
23.986536264419556
24.4472177028656
24.615639209747314
24.875354290008545
25.032920837402344
25.35785436630249
25.50436544418335
27.203037977218628
27.675670623779297
28.025066137313843
28.17053747177124
29.060028076171875
29.341614246368408
29.49871587753296
29.712778568267822
29.948803186416626
30.060816287994385
30.590622901916504
30.7698073387146
31.153016090393066
31.343499898910522
31.826331615447998
32.06319212913513
32.24315524101257
33.751004695892334
34.07786417007446
34.33691430091858
35.68624782562256
35.85492420196533
36.10237121582031
36.32730317115784
36.6652774810791
36.85607385635376
37.44158720970154
37.565181255340576
38.00305461883545
38.160956144332886
38.520506143569946
38.69098734855652
38.90311527252197
39.09472680091858
39.230355739593506
39.397947788238525
39.84775519371033
39.98440408706665
40.19766068458557
40.28685975074768
40.38761329650879
40.51227593421936
40.58074069023132
40.680363178253174
40.74898076057434
40.828022718429565
40.91753554344177
41.00665068626404
42.20176601409912
42.27890706062317
42.35656547546387
42.44706130027771
42.52598786354065
42.604541540145874
42.68486213684082
42.7628448009491
42.87473511695862
42.94175982475281
43.40349864959717
43.48260998725891
44.74211001396179
44.844170570373535
45.21472954750061
45.327439069747925
45.62105178833008
45.7325656414032
46.18228554725647
46.294249534606934
46.65502190589905
46.76752972602844
47.081982374191284
47.18497133255005
47.3294792175293
47.43183469772339
48.35408639907837
48.48849892616272
49.680991888046265
49.805110692977905
49.96224331855774
50.05246686935425
50.78463339805603
50.99751400947571
51.27926254272461
51.435903549194336
51.852834701538086
51.98760676383972
53.39360475540161
53.85541367530823
54.14747214317322
54.585750102996826
55.44188714027405
56.217633962631226
57.24084806442261
57.701966762542725
58.24169969558716
58.43446183204651
58.86047911643982
59.2882776260376
66.11785840988159
66.64630007743835
67.47935032844543
69.87432312965393
70.82065868377686
71.06755042076111
71.81142592430115
74.1840033531189
74.82482075691223
75.14076972007751
75.98388123512268
78.38039302825928
79.17892146110535
79.44845914840698
80.6525559425354
82.700688123703
83.67853927612305
83.85873293876648
84.09726071357727
84.24122548103333
85.10750460624695
85.58037304878235
85.83848094940186
85.9857439994812
86.22152829170227
86.536541223526
86.817786693573
86.93136620521545
87.44850039482117
87.5838897228241
87.66081118583679
87.79604649543762
88.25726342201233
88.41527318954468
89.52930092811584
89.66356801986694
90.02406811714172
90.17017459869385
90.47456526756287
90.64219570159912
91.0042130947113
91.14888000488281
92.48818492889404
92.80405235290527
93.66832494735718
93.81596660614014
94.51233053207397
94.97335886955261
95.37884402275085
95.63692283630371
96.17785382270813
96.34603500366211
96.61764168739319
96.93131017684937
97.96691751480103
100.56453347206116
