3.881526231765747
3.9493393898010254
4.027442932128906
4.882133722305298
5.0407044887542725
5.209467887878418
5.602689027786255
5.7496421337127686
6.042233943939209
6.188347339630127
6.413136959075928
6.536624908447266
6.806441307067871
6.896527290344238
6.986850738525391
7.650474548339844
8.30276107788086
8.459682703018188
10.102237224578857
10.23810362815857
10.855994701385498
11.003330707550049
11.711609125137329
11.8007972240448
12.183749198913574
12.533868312835693
13.19666051864624
13.308828592300415
14.141156435012817
14.276799440383911
14.929086685180664
15.109626293182373
17.674636840820312
17.911107540130615
18.159377098083496
18.383837699890137
19.47505807876587
19.74449324607849
19.85623264312744
20.284303426742554
21.510236740112305
21.759641647338867
21.881896018981934
22.12878394126892
24.018558502197266
24.188450574874878
24.3455913066864
24.59271812438965
24.79581618309021
24.909061670303345
25.289904356002808
25.650791883468628
25.796801805496216
25.92063617706299
26.066797494888306
26.302422523498535
26.414950609207153
26.594979763031006
26.740952491760254
26.87726378440857
27.012757539749146
27.101638555526733
27.30389976501465
27.36083984375
34.51523017883301
34.71901822090149
35.24609065055847
35.44927620887756
36.13593578338623
36.281713247299194
37.02435374259949
37.64356827735901
37.83394145965576
38.01421618461609
38.204968214035034
38.3731951713562
38.58875107765198
38.75631380081177
40.64713478088379
40.79240083694458
41.37901210784912
41.50181794166565
41.65984582901001
41.79424476623535
41.939759969711304
42.06496477127075
47.8138632774353
48.87024712562561
49.17429280281067
49.299858808517456
49.387707233428955
49.47837018966675
49.590431928634644
49.69213318824768
49.770458459854126
49.90562605857849
49.98390340805054
50.1089391708374
50.22105383872986
50.28749394416809
50.37924385070801
50.479499101638794
51.638495683670044
52.10978150367737
54.78805065155029
55.05985927581787
56.666719913482666
56.88045883178711
57.03927445411682
57.13893699645996
57.34181308746338
57.4762818813324
57.55469226837158
57.623931646347046
57.76902627944946
57.85868239402771
58.01778554916382
58.09576988220215
59.01801681518555
59.3886079788208
59.58088541030884
59.72709774971008
62.78720784187317
63.01196074485779
63.32670569419861
63.46178412437439
63.80045795440674
64.03556036949158
64.15954351425171
64.39523816108704
64.68805599212646
64.81201720237732
64.87881708145142
65.02582287788391
65.08271074295044
65.23878264427185
65.90307354927063
66.07214856147766
66.18376207351685
66.31970119476318
66.48835515975952
66.63369607925415
67.0393009185791
67.16287779808044
67.70322608947754
67.90592670440674
68.19948196411133
68.49031567573547
69.76211500167847
69.94183039665222
70.74160838127136
70.94328045845032
71.77615356445312
71.95522737503052
72.46220850944519
72.66381692886353
73.62142658233643
73.76696753501892
74.55416584014893
74.67901182174683
