2.3292367458343506
2.4635531902313232
2.8798177242279053
3.0149476528167725
3.6459014415740967
3.746802806854248
4.061334133148193
4.184227466583252
4.309027194976807
4.511591196060181
5.129096508026123
5.265737533569336
5.804580926895142
5.951159954071045
6.075679540634155
6.232478857040405
6.637409687042236
6.7726311683654785
6.81788444519043
6.952962636947632
7.864042043685913
8.055545330047607
8.426445007324219
8.561394453048706
8.618007183074951
8.752151250839233
9.292503356933594
9.428218126296997
9.495330810546875
9.608748197555542
9.663559198379517
9.799603939056396
10.079697608947754
10.23733115196228
10.596829652786255
10.74330186843872
11.093104124069214
11.239375591278076
11.305998802185059
11.463343858718872
12.826271533966064
12.959593296051025
13.174783945083618
13.343649864196777
14.524134159088135
14.693356275558472
15.086726903915405
15.21034574508667
15.289185285568237
15.42468786239624
15.74996829032898
16.154888153076172
16.358219146728516
16.560552835464478
16.999370574951172
17.380495071411133
19.22606325149536
19.5301456451416
19.8671395778656
20.204715251922607
20.66597604751587
20.88048815727234
21.105762004852295
21.307366132736206
21.420756101608276
21.566688776016235
21.780385732650757
21.983097553253174
22.061060667037964
22.197077989578247
24.49162793159485
24.671006202697754
24.920371055603027
25.064715147018433
25.222880363464355
25.368867874145508
25.795948028564453
25.919971466064453
25.97619128227234
26.11092972755432
26.246787309646606
26.392467737197876
27.35951542854309
27.54059648513794
27.96742010116577
28.10267186164856
28.159801483154297
28.27148985862732
28.755637645721436
28.9015851020813
29.34104084968567
29.520174741744995
29.756598949432373
29.92537212371826
30.194764614105225
30.352049827575684
30.6895272731781
30.814038515090942
31.26399874687195
31.422044038772583
31.79224967956543
31.90474843978882
31.9723539352417
32.09660744667053
32.265498876571655
32.388713359832764
35.95604681968689
36.0671010017395
36.11200475692749
36.23574709892273
36.821650981903076
36.96766662597656
37.13589835166931
37.2831494808197
37.631274461746216
37.85711646080017
37.96920895576477
38.114601135253906
38.24954891204834
38.42979049682617
38.63347935676575
38.76695203781128
39.13908314704895
39.26204323768616
39.44246697425842
39.53278660774231
39.61173915863037
39.746662616729736
40.34341287612915
40.48877429962158
41.06293702125549
41.197718381881714
41.35515332221985
41.50170350074768
41.65944504737854
41.78360438346863
42.14344835281372
42.27716135978699
42.3790819644928
42.502808809280396
42.56987237930298
42.65928268432617
43.0423321723938
43.13191604614258
43.20069932937622
43.33479070663452
44.23526668548584
44.380627155303955
44.93299651145935
45.05677318572998
45.1344780921936
45.23637127876282
45.30371332168579
45.40501093864441
47.193809032440186
47.37457466125488
47.530834674835205
47.733598470687866
48.960763454437256
49.0621771812439
49.14105153083801
49.3302686214447
50.28759169578552
50.479076623916626
51.1195433139801
51.29969573020935
51.42388939857483
51.55908250808716
51.62680673599243
51.78379034996033
52.13265538215637
52.40235114097595
52.86377286911011
53.011653423309326
53.234288454055786
53.35961413383484
53.550779581069946
53.67431616783142
53.85364007949829
53.96629190444946
54.14703297615051
54.26170229911804
54.43975567817688
54.52883243560791
54.753958225250244
54.866583585739136
55.03423309326172
55.170111894607544
55.32758378982544
55.47487545013428
55.65458917617798
55.766082763671875
55.94686007499695
56.080902338027954
59.42295241355896
59.53498649597168
59.60205793380737
59.71449851989746
60.21097755432129
60.33337616920471
60.40227150917053
60.5469331741333
60.874242067337036
61.00868272781372
61.908888816833496
62.078213691711426
62.24599647521973
62.44819784164429
62.60616660118103
62.78573226928711
62.96648144721985
63.135048151016235
63.7087082862854
63.84451627731323
63.96767520904541
64.12577247619629
65.17115998268127
65.31686520576477
65.41903901100159
65.64467406272888
65.72247195243835
66.01555562019348
66.25127220153809
66.30818343162537
67.61322045326233
67.78235292434692
67.97311568260193
68.16390943527222
68.2988805770874
68.46762013435364
68.6134581565857
68.79370093345642
71.12198519706726
71.27976846694946
71.52827668190002
71.71833205223083
72.1012556552887
72.23627710342407
72.5512421131134
72.81094408035278
72.87709331512451
73.02388072013855
73.6869580745697
73.8894829750061
74.01394367218018
74.16101312637329
74.30627608299255
74.4643177986145
75.14938259124756
75.31906867027283
75.375479221344
75.54492473602295
75.83565711975098
76.03966283798218
76.47828793525696
76.65789532661438
77.00648164749146
77.19707226753235
77.53506660461426
77.68233919143677
78.0298388004303
78.14295148849487
78.19967079162598
78.33352637290955
78.73965001106262
79.08691120147705
79.2788577079773
79.40293955802917
79.53845024108887
79.71708941459656
79.94320011138916
80.0104751586914
80.92182922363281
81.0792977809906
81.23601531982422
81.34906649589539
81.4844446182251
81.620041847229
81.78849244117737
81.90045595169067
82.03501796722412
82.14707112312317
82.37313747406006
82.49641442298889
83.15007328987122
83.26161408424377
83.32817888259888
83.46382761001587
83.82453560829163
83.95891165733337
84.44314074516296
84.55477023124695
84.62256193161011
84.73504829406738
85.24061703681946
85.33084344863892
85.39899134635925
85.5220365524292
86.67081022262573
86.8050127029419
86.94062423706055
87.1090133190155
87.80595684051514
87.9308967590332
87.9863018989563
88.11054158210754
88.32325863838196
88.52525496482849
88.83097267150879
88.95385098457336
89.11164402961731
89.23561906814575
89.48262524604797
89.61779451370239
89.82102346420288
89.95525598526001
90.48319172859192
90.65253162384033
92.27253293991089
92.44164657592773
92.61001133918762
92.79008722305298
93.00390934944153
93.13969492912292
93.30827331542969
93.45453834533691
93.76894545555115
93.91512298583984
94.02703642845154
94.18512988090515
94.45455622673035
94.57883143424988
94.80421757698059
94.93928694725037
95.13000154495239
95.2881236076355
95.5355703830719
95.68115377426147
95.8171808719635
95.9630069732666
96.20985770225525
96.37897324562073
96.57066774368286
96.6712863445282
96.91899394989014
97.05363130569458
97.6158938407898
97.76301383972168
98.36112332344055
98.48185443878174
98.72060227394104
98.84284710884094
99.07929134368896
99.21369171142578
99.39421105384827
99.51789259910583
99.69802379608154
99.83184862136841
100.03429174423218
100.1808705329895
101.79041457176208
101.94811010360718
102.07179927825928
102.26241946220398
102.86080145835876
103.04934930801392
103.59071373939514
103.73728895187378
103.99451494216919
104.11923623085022
104.32099556922913
104.46688032150269
104.68189811706543
104.81712484359741
105.00840520858765
105.18730878829956
105.69385385513306
105.8407576084137
106.47077083587646
106.60588359832764
106.80763149261475
106.9646348953247
107.18046617507935
107.31413912773132
107.43757915496826
107.59434008598328
108.15855169296265
108.31453609466553
108.4947862625122
108.67563724517822
109.23755979537964
109.39524841308594
109.56324887275696
109.73336505889893
109.93554139137268
110.0811517238617
110.65562844276428
110.82362842559814
114.5360701084137
114.73985767364502
115.30147099494934
115.50488376617432
115.65011048316956
115.83026599884033
115.97693514823914
116.13378381729126
116.64033555984497
116.82131671905518
117.13436484336853
117.37136769294739
117.41617918014526
117.77768182754517
118.09204077720642
118.24891805648804
118.41780972480774
118.57531595230103
119.12694478034973
119.26216745376587
119.54331374168396
119.6661925315857
119.89119601249695
120.03802585601807
120.26338481903076
120.40961790084839
121.2417151927948
121.39878368377686
121.65773940086365
121.78113865852356
122.01802253723145
122.11900663375854
122.35478711128235
122.51245045661926
122.72721600532532
122.8723087310791
123.40208959579468
123.53763389587402
123.74034428596497
123.90738701820374
124.67301177978516
124.76338148117065
124.8306713104248
124.94276237487793
125.47223114967346
125.6295108795166
125.80903220176697
125.96593737602234
126.63025879859924
126.86572694778442
126.96772074699402
127.14836096763611
127.29388999938965
127.46348929405212
127.68762588500977
127.81125569343567
127.94579076766968
128.25012874603271
128.35066080093384
128.46424889564514
128.72220587730408
128.9139702320099
129.75844836235046
129.9267508983612
130.0495903491974
130.23026394844055
130.41046452522278
130.568345785141
130.73584175109863
130.90468907356262
131.07438921928406
131.27675032615662
131.45624709129333
131.63616824150085
131.84998774528503
132.05234026908875
132.19895362854004
132.36739706993103
132.58136081695557
132.73905897140503
133.2115352153778
133.40227508544922
133.64091873168945
133.78562688827515
133.97577238082886
134.13383173942566
134.3480246067047
134.49420928955078
134.6742103099823
134.82108330726624
135.09081840515137
135.24789428710938
135.41645336151123
135.55125951766968
135.76568031311035
135.91199040412903
136.0692572593689
136.24946665763855
136.45124888420105
136.65469694137573
136.83430361747742
136.9578242301941
137.12674498558044
137.27305912971497
137.4528362751007
137.57626628875732
137.78027987480164
137.90262627601624
138.08238673210144
138.1961236000061
138.38675451278687
138.5104796886444
138.72355103492737
138.8593556880951
139.01719427108765
139.19710969924927
