1.87846040725708
2.3980326652526855
3.670116662979126
3.7936065196990967
3.9970648288726807
4.175591945648193
4.344419717788696
4.535646915435791
6.062696695327759
6.224310636520386
7.529690742492676
7.652665853500366
7.805707931518555
7.9638049602508545
8.109833717346191
8.27942180633545
8.460543870925903
8.594855070114136
8.698131084442139
8.855789184570312
9.51952600479126
10.00351333618164
10.600061893463135
11.014730215072632
12.321853160858154
12.533633470535278
12.766666173934937
12.939706563949585
13.086265325546265
13.265854835510254
13.97594165802002
14.1512930393219
17.04257035255432
17.15493607521057
17.458086013793945
17.57311463356018
17.801202535629272
17.924586534500122
18.145506858825684
18.236340522766113
18.597304582595825
18.69570803642273
19.002103567123413
19.090184688568115
19.226818084716797
19.32961130142212
19.58612632751465
19.71310567855835
20.252829790115356
20.366074562072754
21.535978078842163
21.644598722457886
22.038383722305298
22.150323152542114
22.550593376159668
22.64790153503418
22.929409503936768
23.015822887420654
23.333861351013184
23.42092990875244
23.545592069625854
23.64790439605713
23.827701330184937
23.919653177261353
24.246801376342773
24.332977533340454
24.48028302192688
24.581951379776
24.804343938827515
24.917958736419678
25.20267939567566
25.288873195648193
25.517433166503906
25.630691289901733
25.923322677612305
26.020337343215942
26.09007978439331
26.177383422851562
27.441635847091675
27.55573344230652
27.854543685913086
27.97957944869995
28.39671564102173
28.51724147796631
28.877995491027832
29.014541387557983
29.340633869171143
29.45431089401245
29.867151975631714
29.980420112609863
30.29884362220764
30.408440589904785
30.75640034675598
30.91805863380432
31.230035305023193
31.342034578323364
31.704094409942627
31.828752517700195
32.76165986061096
32.870389223098755
33.05317497253418
33.17826533317566
33.3780083656311
33.491979360580444
33.638615131378174
33.77407884597778
34.705666065216064
34.885313987731934
35.01345896720886
35.170868158340454
35.36473369598389
35.48425364494324
35.900713205337524
36.07766652107239
36.3611626625061
36.56175231933594
36.95417761802673
38.194084882736206
39.44166922569275
39.603514671325684
40.07530617713928
40.69177603721619
41.154152393341064
41.345908880233765
41.850417137145996
42.37890315055847
42.71644639968872
42.88578391075134
44.06902098655701
44.61654829978943
45.20251202583313
46.027254581451416
46.57474064826965
46.720704555511475
47.82544422149658
47.91346335411072
48.906980991363525
49.00456643104553
49.139384508132935
49.267613649368286
49.568979263305664
49.65549349784851
50.502493381500244
51.39070391654968
51.61687231063843
51.75104880332947
52.39362549781799
52.535813093185425
52.63937997817993
52.82966995239258
53.259140729904175
53.38321328163147
54.5059700012207
54.787111043930054
55.240607261657715
55.438876152038574
55.58584475517273
55.75435662269592
55.94988822937012
56.10240387916565
62.47435450553894
62.68598031997681
62.80975079536438
63.01383066177368
63.485148906707764
63.66334772109985
63.7869827747345
64.00216603279114
64.35312080383301
64.57677984237671
65.20661640167236
65.48876309394836
65.89425802230835
66.19646859169006
67.30102777481079
67.47927522659302
68.07695484161377
68.21081042289734
69.27699708938599
69.42789697647095
69.58046793937683
69.73699021339417
70.35661005973816
70.5023045539856
70.84153032302856
70.96663975715637
74.62133049964905
74.76836943626404
75.547536611557
75.7924473285675
77.47052478790283
77.60294771194458
78.3914794921875
78.58148884773254
78.74849128723145
78.90996360778809
79.0570375919342
79.23496079444885
79.76169776916504
79.97537398338318
80.14741826057434
80.32638263702393
81.66741919517517
81.80903553962708
